328.79
330.92
331.85
329.66
333.75
332.96
333.62
330.08
331.02
332.01
334.89
332.72
327.99
327.67
325.7
324.15
328.67
330.26
331.89
332.74
335.54
333.74
337.93
336.95
340.27
337.93
338.67
336.0
336.87
338.07
341.91
343.53
341.57
339.74
335.69
337.22
337.63
341.5
342.0
340.79
339.94
338.7
343.64
341.09
340.73
340.08
341.37
342.07
341.92
344.34
344.74
344.68
340.72
338.09
335.12
331.05
330.36
332.03
332.92
329.11
330.8
332.25
334.48
335.57
338.39
340.53
342.01
342.86
343.82
352.0
354.75
354.28
354.0
354.47
354.64
358.0
358.43
359.29
358.41
354.58
360.65
360.86
361.23
363.16
367.4
366.64
364.96
363.15
358.71
361.63
366.25
364.9
362.9
362.91
356.88
358.47
359.1
360.47
355.43
352.31
352.06
355.14
357.63
358.02
359.54
360.16
355.68
358.42
359.52
356.49
361.23
365.44
367.31
368.95
367.52
364.22
365.32
361.61
355.31
355.79
357.09
355.91
353.44
355.55
356.15
355.52
351.48
344.86
334.43
334.83
338.35
339.94
335.52
338.84
339.39
340.06
332.39
327.83
328.51
321.86
316.55
307.06
311.51
321.44
321.34
324.19
318.71
322.56
323.09
324.39
320.46
323.4
321.63
321.04
322.54
318.65
316.83
317.77
318.6
316.6
311.48
311.32
304.59
308.26
305.06
300.97
306.05
314.94
315.21
311.4
312.69
311.5
313.48
305.1
300.39
295.46
300.03
303.23
298.92
298.76
305.74
312.48
314.76
312.36
312.6
310.17
304.71
301.88
304.06
304.0
307.02
311.85
314.59
311.62
306.01
307.61
313.74
319.48
317.67
320.4
317.02
317.12
319.34
315.31
316.03
315.1
316.51
318.1
317.95
316.42
322.22
324.1
326.35
329.92
329.07
327.75
328.89
326.44
330.19
329.34
326.82
326.02
330.05
330.2
330.12
331.75
329.9
330.85
328.29
328.72
330.22
326.45
321.91
321.0
315.44
314.9
311.49
314.53
315.23
312.49
313.73
316.17
327.97
332.23
331.06
328.31
330.21
334.78
336.07
336.03
335.84
340.91
343.93
343.05
348.34
351.26
358.07
356.52
359.35
368.58
365.5
369.02
364.22
369.06
369.39
365.14
364.97
365.65
367.26
362.81
367.74
367.07
370.47
369.33
376.72
376.17
375.91
374.95
372.96
370.03
374.57
373.5
373.59
372.11
366.59
367.92
366.58
367.48
369.83
376.3
375.35
375.22
371.3
379.5
378.94
379.77
375.36
378.66
373.56
373.15
377.63
380.4
381.19
387.62
390.45
388.46
384.2
380.95
381.76
382.76
379.25
379.02
373.66
375.34
380.29
380.52
380.8
380.08
377.32
378.51
383.25
375.74
376.76
371.62
368.57
372.19
372.39
372.28
375.35
376.19
374.96
377.49
381.94
382.79
386.96
389.83
388.06
387.74
385.09
383.63
379.43
378.57
381.05
376.65
377.63
382.29
380.13
378.59
375.09
375.42
377.75
370.94
370.65
371.59
374.4
371.16
377.92
377.47
373.33
374.08
377.94
376.11
375.74
376.97
380.25
382.39
381.54
381.18
385.37
384.22
382.88
379.42
378.64
380.96
380.93
383.15
386.69
387.81
387.12
387.18
385.06
390.62
390.56
389.32
387.12
388.02
389.62
389.9
389.33
385.58
376.47
379.43
390.59
391.33
394.17
393.85
393.06
396.64
396.47
395.43
392.15
389.97
389.14
389.1
388.57
384.56
385.09
387.34
383.59
385.78
385.5
386.94
387.56
387.92
385.92
387.71
386.88
386.49
385.9
387.86
389.2
388.26
384.47
381.25
379.5
380.67
376.8
380.55
381.45
386.47
391.01
392.8
391.92
392.5
390.02
387.83
387.94
385.07
384.2
389.52
391.48
392.96
392.45
391.32
390.28
388.71
389.97
393.72
392.89
393.12
396.74
397.41
397.15
382.62
385.24
379.42
378.53
380.06
376.14
375.34
377.96
376.55
375.22
381.4
380.96
380.07
377.39
379.1
378.26
377.9
377.7
381.55
384.47
384.46
382.74
383.48
382.52
387.04
396.82
399.33
404.84
406.46
415.14
417.09
417.26
419.34
417.96
417.4
418.1
417.61
415.1
414.34
420.44
420.77
418.21
418.86
416.36
412.64
418.13
414.96
415.48
414.99
414.96
410.34
411.62
408.78
409.53
413.85
413.84
413.82
411.09
413.77
413.76
417.13
413.69
412.48
407.38
408.26
413.9
411.43
412.27
410.45
415.35
413.86
412.7
412.45
412.85
409.33
406.51
404.44
405.21
406.89
404.03
403.89
405.84
406.39
409.58
409.15
409.8
411.3
409.91
408.88
407.52
407.86
403.5
403.0
403.69
404.23
400.5
401.55
405.59
398.06
394.5
400.64
404.29
406.08
412.39
416.28
416.04
410.18
410.26
409.81
411.6
409.02
408.45
409.11
412.02
414.95
412.53
416.91
416.84
416.79
415.85
416.05
418.49
416.29
416.45
413.14
410.09
412.81
416.37
415.39
412.6
414.02
411.41
412.17
416.74
415.35
417.3
413.5
414.59
413.26
413.48
413.36
410.06
407.25
409.05
409.76
410.29
408.32
402.26
400.96
403.67
403.4
404.04
403.84
403.12
403.45
408.94
408.14
412.88
411.77
413.84
409.16
410.28
414.23
414.62
414.87
417.68
417.1
417.54
415.62
413.75
413.76
410.93
412.08
411.6
411.54
417.52
422.23
423.92
424.21
425.09
424.36
422.19
420.59
418.88
419.42
418.9
417.78
417.73
419.91
420.74
421.34
418.19
418.26
414.85
410.72
411.61
413.51
413.53
414.84
414.03
416.07
417.98
417.98
417.08
414.44
416.36
419.95
419.58
425.27
419.77
419.92
419.93
422.93
422.14
417.14
417.44
418.47
414.35
416.62
416.8
417.8
416.29
410.47
407.57
407.18
404.25
407.75
402.66
407.44
409.3
409.37
409.6
411.73
414.98
415.48
415.67
414.9
414.1
418.16
418.49
420.13
420.86
418.68
422.75
419.92
417.11
418.34
417.58
418.59
418.62
422.2
422.87
422.43
420.68
419.27
422.85
423.61
426.65
425.12
427.59
429.19
430.16
431.35
430.78
429.89
429.91
432.06
435.31
436.99
435.65
434.64
433.73
432.84
432.57
431.52
435.43
441.28
440.7
440.31
439.03
439.77
439.15
437.98
438.82
435.71
435.38
434.34
434.52
430.73
429.05
430.95
431.04
433.03
435.94
437.15
436.84
435.13
433.37
435.49
436.11
440.01
439.95
438.11
438.66
438.78
442.52
442.55
447.2
449.56
448.93
447.85
445.33
446.23
447.66
444.58
433.91
433.3
431.9
434.22
435.24
434.8
440.87
442.34
443.38
442.01
447.9
449.26
447.34
446.11
454.71
454.4
456.33
453.72
449.83
451.43
451.37
448.31
451.89
450.18
448.88
448.76
448.07
450.88
447.78
450.77
451.97
451.67
450.3
441.39
442.29
441.16
442.73
441.84
448.37
449.22
448.66
448.4
448.94
447.46
445.1
443.63
439.46
437.03
433.54
438.01
438.02
438.89
440.19
442.46
444.05
444.52
443.26
442.31
442.8
444.36
444.8
439.23
439.56
440.37
440.32
447.57
450.59
445.84
448.0
448.85
453.44
452.41
450.19
453.83
453.85
452.49
450.06
447.69
444.71
445.78
445.38
447.26
447.71
446.27
447.43
448.54
443.68
446.22
445.93
443.19
446.62
447.6
451.85
450.69
450.53
449.02
445.84
441.43
442.83
448.64
448.11
448.98
448.09
450.08
449.22
445.75
446.03
447.31
447.18
444.51
447.1
449.09
448.24
447.19
450.24
448.13
450.15
449.27
448.54
448.13
448.68
450.72
449.45
450.46
448.96
450.14
452.38
453.13
456.04
456.43
456.16
455.23
459.77
460.13
461.04
460.54
461.9
463.56
463.15
461.3
461.34
458.52
456.65
457.5
461.72
462.06
459.9
461.6
459.43
458.83
455.05
452.95
456.2
457.74
457.63
461.8
461.53
460.11
458.93
461.28
461.34
461.2
460.74
459.18
460.31
460.88
461.12
461.49
466.83
469.5
468.45
466.21
466.07
465.36
463.27
464.2
464.3
464.61
467.73
467.83
469.1
468.44
463.02
457.49
459.57
460.21
460.33
463.72
462.64
465.39
463.75
466.74
464.81
463.62
462.6
459.13
461.03
462.36
463.06
461.9
461.79
461.89
463.11
464.89
466.43
466.76
466.29
464.18
463.93
465.7
463.06
461.84
463.34
466.38
465.85
465.3
467.32
467.38
470.54
470.94
470.58
468.64
466.45
465.44
466.89
467.55
467.12
469.9
475.27
474.13
474.17
472.47
474.91
473.3
474.25
474.3
474.98
474.72
471.97
470.92
473.2
477.05
478.7
481.61
479.62
482.0
480.71
469.81
471.76
471.05
472.77
468.93
470.18
470.23
472.52
472.79
470.34
467.69
471.46
470.69
464.26
466.07
467.14
464.44
464.81
463.01
464.74
466.91
465.88
467.06
463.9
466.44
467.39
467.01
469.42
470.9
471.06
468.54
468.8
468.54
464.35
460.58
460.0
452.48
445.55
445.77
438.92
448.29
448.05
450.88
447.1
449.87
447.57
446.26
446.38
446.18
442.46
442.54
441.96
448.73
447.63
452.71
451.87
449.1
450.91
453.02
453.03
451.72
451.38
447.82
442.32
446.01
441.49
443.75
444.14
444.49
449.37
453.69
456.48
454.92
453.2
454.81
456.34
457.06
457.33
456.5
457.63
457.65
460.13
458.88
458.21
457.06
457.86
458.67
459.1
462.37
460.61
461.93
458.45
455.48
451.34
453.09
449.63
442.8
447.31
446.07
447.63
444.27
446.2
446.37
446.13
448.38
449.55
448.06
447.95
448.73
453.41
454.16
455.22
453.86
451.6
452.61
453.11
454.25
453.36
452.57
454.24
458.26
461.01
460.56
461.45
458.4
457.09
457.89
457.92
460.3
458.88
461.94
461.23
465.01
465.17
463.17
463.68
462.32
464.51
469.03
468.08
473.8
474.59
476.07
475.49
473.17
470.99
471.86
470.99
473.14
468.18
466.21
467.51
468.8
474.81
471.19
470.85
463.36
461.46
461.27
459.67
460.82
462.05
464.84
462.24
462.71
461.74
454.59
453.52
452.36
455.1
459.04
465.79
465.47
467.79
469.1
468.96
467.66
470.28
466.85
464.89
460.83
461.53
462.62
465.85
473.77
472.35
468.42
466.51
467.91
462.28
463.07
465.65
465.4
464.37
462.35
466.04
465.03
465.62
463.57
461.47
458.3
450.09
449.93
452.29
454.16
455.17
453.69
448.92
453.3
453.32
453.11
451.23
445.45
446.96
449.47
450.15
454.97
455.34
458.8
457.91
457.1
459.61
459.68
459.83
462.47
460.86
461.17
459.27
459.11
460.71
460.34
460.68
460.83
461.68
461.66
461.64
465.97
469.38
470.05
469.71
466.95
464.78
465.82
465.86
467.44
468.32
470.39
468.51
470.42
470.4
472.79
478.65
481.14
480.81
481.19
480.19
481.46
481.65
482.55
484.54
485.22
481.97
482.72
485.07
486.91
488.11
483.81
487.39
485.65
485.13
485.42
485.63
482.12
483.14
483.16
489.57
490.05
492.89
491.88
495.41
495.52
496.14
495.07
495.67
495.95
500.97
503.2
503.9
503.12
502.22
500.71
501.85
505.24
505.57
506.08
506.42
507.01
505.53
507.17
509.23
506.13
505.37
504.92
505.29
508.49
512.89
512.1
512.66
513.55
514.71
514.26
514.86
520.48
520.54
520.12
523.96
523.56
524.36
524.37
525.55
527.74
528.19
527.07
519.58
519.19
523.65
528.59
528.61
528.59
523.65
523.58
533.4
533.49
532.51
535.6
535.55
533.13
532.35
527.94
530.88
536.05
536.47
537.12
539.83
545.22
544.98
543.98
551.07
549.71
544.13
542.43
544.73
543.87
544.75
547.09
547.26
553.99
556.37
557.19
554.78
560.89
561.0
559.89
562.72
558.46
550.98
553.54
553.62
556.63
561.1
561.61
565.22
562.93
562.06
559.64
558.8
558.75
558.94
560.03
560.39
559.71
557.45
555.11
559.74
558.57
559.97
559.04
559.21
558.11
559.52
557.14
557.46
560.1
559.05
560.0
560.92
561.88
563.84
569.17
570.17
570.29
572.68
573.91
576.51
578.77
583.61
583.35
582.77
584.2
586.77
583.0
581.73
581.81
581.41
581.04
585.87
584.41
581.72
582.34
581.47
582.63
582.49
578.37
577.52
579.46
583.1
584.5
583.03
586.78
587.44
590.65
587.46
585.06
586.54
582.47
576.72
579.7
583.25
581.5
584.22
589.72
590.57
588.46
586.32
591.71
593.26
592.72
592.3
589.29
593.96
597.34
600.07
596.85
600.24
598.4
599.97
601.32
606.45
607.64
605.37
606.98
613.68
617.68
620.18
616.17
617.48
619.52
618.78
621.69
616.92
616.34
606.81
611.93
605.94
610.49
611.95
614.3
614.53
614.12
615.93
620.73
621.32
617.7
616.71
618.46
609.45
598.48
602.69
601.81
599.82
608.44
606.37
608.24
611.83
613.4
612.79
619.96
617.03
621.62
624.22
630.15
636.02
638.46
635.84
641.43
646.33
649.93
656.07
656.37
661.45
660.51
655.58
651.32
647.98
640.65
648.1
658.86
659.08
650.46
647.24
644.75
640.43
644.37
650.81
655.79
652.0
653.65
633.5
640.02
637.09
638.55
640.87
641.43
652.65
651.69
649.98
649.19
650.62
650.04
652.97
648.91
648.94
645.5
653.73
655.26
655.88
655.86
644.24
642.19
633.5
631.18
636.71
642.49
645.0
641.61
643.61
645.07
647.89
651.58
650.17
652.87
653.46
654.16
654.17
654.58
643.38
641.63
640.81
638.26
644.77
645.44
652.09
661.51
665.6
665.42
664.85
668.91
673.15
672.76
678.42
676.0
678.51
672.23
667.93
671.7
669.12
667.68
672.56
678.44
673.03
673.31
672.16
670.97
669.04
667.92
665.85
665.16
662.06
661.96
662.1
666.84
668.85
668.48
664.39
668.55
670.63
675.88
673.61
672.4
657.44
652.54
654.75
656.06
645.67
646.19
629.8
628.37
634.07
643.56
638.73
633.77
626.87
626.65
631.17
635.9
630.91
635.26
639.95
650.02
662.49
660.23
662.38
664.16
662.59
662.1
665.77
660.2
662.05
662.28
665.21
666.58
665.69
665.07
670.68
667.03
663.88
666.4
664.81
657.4
651.99
654.72
655.61
649.44
655.68
663.76
663.81
667.28
671.15
680.54
683.98
682.94
681.47
683.0
687.03
686.48
685.61
685.83
685.86
686.19
687.33
689.08
694.01
692.78
701.46
703.34
700.64
696.74
694.61
700.66
703.54
702.57
704.41
706.99
710.82
709.85
706.57
707.27
702.29
700.92
697.26
701.5
700.9
705.27
703.77
706.73
714.14
724.59
727.65
730.82
731.87
729.56
731.13
735.88
737.62
737.02
742.16
743.95
742.75
748.73
757.03
755.96
755.0
757.02
756.56
748.28
745.1
744.38
739.6
749.76
747.54
740.73
729.3
728.64
720.98
726.04
731.54
745.76
748.87
746.92
751.03
755.82
756.79
753.85
740.74
737.01
748.03
747.65
753.23
748.41
754.85
759.5
759.51
768.86
767.2
769.75
776.17
776.7
782.72
786.23
777.56
770.52
765.02
765.02
772.5
784.17
786.16
786.73
789.26
778.28
780.15
789.56
785.43
789.59
802.77
811.82
808.48
816.29
812.49
802.8
801.77
810.28
812.03
805.68
795.07
790.82
795.31
790.95
801.99
798.56
804.97
813.65
811.34
804.26
789.56
793.17
795.71
789.66
785.77
782.65
784.1
790.89
789.07
790.5
773.88
757.12
759.64
750.11
750.32
757.9
762.13
766.12
760.6
758.34
737.65
743.73
754.72
763.53
761.77
766.34
760.37
774.61
773.64
771.18
765.37
772.96
794.05
801.34
798.53
812.97
830.29
827.76
815.62
820.26
824.78
837.66
833.13
836.04
841.88
829.75
833.27
841.66
839.35
835.66
847.03
849.71
847.21
844.08
848.28
846.36
845.48
840.11
843.43
858.01
862.91
865.27
869.57
883.46
893.27
893.9
894.42
889.06
897.99
898.7
878.62
896.34
888.99
883.68
887.3
885.14
891.03
904.03
916.92
912.2
918.75
907.54
913.78
916.68
918.38
925.76
936.59
931.61
915.3
912.94
933.98
936.56
940.3
938.79
936.45
942.29
952.29
954.31
947.14
950.3
952.37
960.32
951.19
933.54
937.0
926.53
922.02
924.77
900.81
912.49
926.01
939.35
925.05
923.54
920.16
913.02
913.7
903.67
899.47
927.58
927.86
930.87
929.05
931.2
933.62
919.03
912.59
923.91
919.77
945.64
943.0
947.29
950.51
955.43
951.93
944.48
937.91
945.22
953.34
947.28
955.41
960.46
965.03
972.69
983.12
973.84
970.62
966.98
968.1
970.28
965.72
955.25
944.16
955.61
972.28
968.49
950.69
941.64
876.99
921.85
919.16
903.68
914.62
938.99
940.76
942.76
938.03
927.51
921.13
923.78
905.96
916.66
928.35
946.2
938.23
944.59
958.98
963.09
946.67
950.82
951.64
955.4
974.77
971.68
976.77
973.1
983.79
982.37
975.78
969.79
954.94
953.39
963.39
968.04
965.54
955.3
946.78
953.7
939.13
932.7
936.46
953.35
970.84
970.43
975.04
977.07
966.58
964.0
956.05
927.69
939.21
952.12
957.94
950.73
961.51
978.6
970.81
963.04
957.59
956.95
969.02
977.46
985.49
980.28
1001.27
1006.0
1006.9
1003.54
1012.46
1010.74
1019.01
1020.01
1024.14
1020.09
1022.76
1032.08
1028.28
1034.21
1038.14
1030.56
1042.9
1048.67
1049.34
1047.7
1052.02
1047.33
1035.05
1055.69
1052.31
1064.25
1068.47
1069.92
1068.61
1079.27
1080.45
1085.52
1089.74
1099.16
1095.55
1105.65
1101.93
1100.8
1095.44
1093.6
1101.75
1108.15
1120.01
1122.7
1121.38
1109.55
1101.65
1110.67
1109.69
1115.75
1119.32
1108.17
1122.72
1123.65
1126.67
1130.54
1119.58
1107.9
1086.54
1085.11
1094.62
1111.75
1121.0
1122.07
1115.5
1104.92
1095.14
1108.14
1106.64
1115.79
1118.86
1117.37
1108.73
1105.82
1109.52
1119.06
1114.64
1110.47
1094.02
1092.23
1097.6
1090.82
1090.98
1093.22
1082.73
1094.83
1113.86
1115.72
1118.41
1112.28
1094.58
1098.84
1077.01
1087.59
1107.11
1106.37
1100.65
1103.21
1119.49
1132.88
1129.28
1133.2
1138.49
1133.84
1148.56
1146.42
1157.33
1154.66
1166.38
1158.56
1164.33
1165.19
1177.58
1174.81
1183.99
1186.75
1184.1
1165.07
1164.08
1139.75
1140.8
1147.27
1130.24
1125.21
1142.95
1120.67
1112.44
1072.12
1081.43
1089.63
1089.45
1083.14
1068.98
1084.22
1074.91
1062.75
1083.67
1101.2
1098.06
1091.6
1081.24
1088.14
1092.85
1084.19
1042.59
1027.14
957.28
994.26
990.48
982.26
973.89
1023.46
1006.2
980.19
1009.06
1029.72
1037.68
1045.48
1018.87
1020.09
1023.89
1029.63
1066.09
1042.72
1044.75
1048.69
1049.02
1017.01
986.39
1002.6
988.56
984.59
970.68
959.44
984.39
997.71
994.8
1005.53
1047.49
1056.42
1062.39
1063.93
1069.92
1078.48
1070.67
1072.32
1065.34
1068.09
1085.93
1098.67
1111.6
1110.84
1118.67
1133.85
1141.01
1130.2
1128.26
1120.97
1117.69
1125.72
1135.87
1139.32
1144.48
1152.61
1163.55
1188.21
1182.99
1186.87
1192.33
1163.63
1175.28
1171.25
1150.14
1176.74
1187.7
1181.38
1183.49
1165.02
1166.46
1141.2
1162.83
1161.94
1179.98
1188.03
1202.84
1203.57
1228.54
1226.27
1225.49
1241.81
1231.93
1229.23
1228.1
1244.78
1272.34
1269.73
1275.09
1263.88
1239.51
1234.4
1212.19
1243.26
1252.0
1256.62
1235.16
1225.19
1233.98
1252.31
1243.17
1265.37
1279.64
1273.0
1261.99
1272.07
1248.49
1239.4
1243.77
1216.14
1223.55
1254.04
1230.13
1241.87
1224.03
1237.28
1239.22
1272.14
1271.18
1253.41
1245.02
1238.33
1236.16
1225.5
1227.7
1246.64
1275.47
1282.73
1279.84
1286.84
1297.68
1294.59
1307.26
1306.38
1297.82
1316.55
1299.29
1297.01
1262.14
1268.59
1289.99
1282.8
1310.17
1300.75
1286.37
1293.72
1321.12
1317.89
1326.89
1343.98
1348.35
1358.63
1349.82
1328.44
1322.85
1319.0
1289.48
1306.17
1336.12
1358.82
1356.85
1360.04
1362.8
1350.91
1342.83
1335.18
1354.63
1332.0
1347.31
1332.05
1345.0
1340.3
1355.61
1364.0
1367.56
1337.8
1339.49
1333.32
1344.23
1338.83
1330.29
1306.65
1284.4
1304.76
1281.41
1301.84
1294.26
1294.81
1299.54
1327.75
1334.52
1317.33
1318.64
1302.82
1293.64
1294.0
1301.16
1330.41
1339.9
1342.84
1349.0
1335.88
1333.06
1315.78
1315.31
1331.35
1351.45
1372.71
1380.96
1391.22
1388.12
1395.86
1394.42
1403.28
1399.1
1393.56
1398.17
1409.62
1418.78
1407.65
1377.1
1379.29
1360.97
1356.94
1347.76
1362.84
1365.4
1341.03
1328.72
1328.05
1322.18
1305.33
1313.71
1300.29
1297.8
1281.43
1301.93
1298.16
1327.68
1330.77
1344.16
1332.84
1323.59
1336.61
1360.22
1363.5
1381.79
1362.01
1348.27
1324.02
1320.41
1331.07
1319.11
1357.24
1350.45
1344.15
1347.66
1351.66
1344.13
1336.29
1317.97
1318.48
1335.42
1335.53
1307.58
1310.51
1280.41
1277.36
1283.31
1282.2
1268.37
1282.71
1282.81
1304.6
1301.35
1325.4
1317.64
1336.02
1335.21
1313.04
1285.55
1283.42
1247.41
1254.13
1261.32
1289.43
1283.61
1301.65
1293.63
1281.91
1296.71
1342.44
1362.93
1354.12
1347.74
1354.93
1362.64
1370.23
1377.01
1365.28
1373.46
1381.46
1396.06
1394.39
1420.07
1410.71
1424.94
1422.0
1420.94
1404.64
1417.08
1416.62
1407.83
1388.91
1397.72
1409.04
1433.3
1423.33
1409.17
1403.88
1408.11
1417.04
1415.22
1403.17
1413.33
1418.78
1421.03
1418.09
1433.43
1436.13
1458.34
1457.1
1457.66
1463.46
1464.47
1469.25
1455.22
1399.42
1402.11
1403.45
1441.47
1457.6
1438.56
1432.25
1449.68
1465.15
1455.14
1455.9
1445.57
1441.36
1401.53
1410.03
1404.09
1398.56
1360.16
1394.46
1409.28
1409.12
1424.97
1424.37
1424.24
1441.72
1411.71
1416.83
1387.12
1389.94
1402.05
1387.67
1388.26
1346.09
1352.17
1360.69
1353.43
1333.36
1348.05
1366.42
1379.19
1381.76
1409.17
1391.28
1355.62
1366.7
1401.69
1395.07
1383.62
1359.15
1392.14
1458.47
1464.47
1456.63
1493.87
1500.64
1527.35
1527.46
1523.86
1507.73
1508.52
1487.92
1498.58
1505.97
1494.73
1487.37
1501.34
1516.35
1504.46
1500.59
1467.17
1440.51
1356.56
1401.44
1441.61
1427.47
1434.54
1429.86
1477.44
1460.99
1464.92
1452.43
1468.25
1446.29
1415.1
1409.57
1432.63
1424.17
1412.14
1383.05
1407.81
1420.96
1452.36
1466.04
1447.8
1437.21
1406.95
1400.72
1373.86
1399.05
1381.52
1378.02
1422.45
1420.6
1448.81
1477.26
1467.63
1457.84
1471.36
1461.67
1456.95
1446.0
1469.44
1470.54
1478.73
1464.46
1486.0
1475.95
1479.13
1452.18
1441.48
1455.31
1450.55
1454.82
1442.39
1454.6
1469.54
1446.23
1456.67
1478.9
1475.62
1480.88
1492.92
1495.84
1509.98
1510.49
1493.74
1481.96
1495.57
1480.19
1464.29
1474.47
1452.42
1449.62
1419.89
1430.83
1438.1
1438.7
1452.56
1462.93
1479.32
1482.8
1472.87
1460.25
1471.84
1491.56
1484.43
1479.85
1496.07
1491.72
1499.48
1498.13
1505.97
1508.31
1506.45
1514.09
1509.84
1502.59
1517.68
1520.77
1507.08
1492.25
1502.51
1494.5
1489.26
1481.99
1484.91
1480.87
1465.81
1444.51
1459.9
1451.34
1449.05
1448.72
1439.03
1427.21
1426.57
1458.29
1436.51
1436.23
1426.46
1434.32
1436.28
1408.99
1402.03
1387.02
1364.59
1329.78
1374.17
1374.62
1349.97
1342.13
1388.76
1396.93
1395.78
1398.13
1364.9
1364.44
1379.58
1398.66
1429.4
1421.22
1428.32
1426.69
1432.19
1431.87
1409.28
1400.14
1365.98
1351.26
1382.95
1389.81
1372.32
1367.72
1342.62
1347.35
1322.36
1341.77
1348.97
1336.09
1341.93
1314.95
1315.23
1324.97
1376.54
1351.46
1343.55
1369.89
1380.2
1371.18
1359.99
1340.93
1312.15
1322.74
1305.6
1264.74
1274.86
1305.95
1315.19
1328.92
1334.22
1320.28
1283.27
1347.56
1333.34
1298.35
1295.86
1300.8
1313.27
1326.82
1318.55
1326.65
1329.47
1347.97
1342.54
1342.9
1360.4
1364.3
1357.51
1354.95
1364.17
1373.73
1366.01
1373.47
1349.47
1354.31
1352.26
1340.89
1332.53
1314.76
1330.31
1318.8
1315.92
1326.61
1301.53
1278.94
1255.27
1252.82
1245.86
1267.65
1257.94
1239.94
1241.23
1234.18
1241.41
1253.8
1261.89
1264.74
1233.42
1180.16
1197.66
1166.71
1173.56
1150.53
1170.81
1142.62
1122.14
1117.58
1139.83
1152.69
1182.17
1153.29
1147.95
1160.33
1145.87
1106.46
1103.25
1151.44
1128.43
1137.59
1168.38
1165.89
1183.5
1179.68
1191.81
1238.16
1253.69
1242.98
1224.36
1209.47
1228.75
1234.52
1253.05
1249.46
1266.44
1267.43
1248.58
1266.61
1263.51
1261.2
1255.54
1255.18
1245.67
1248.92
1249.44
1284.99
1288.49
1291.96
1312.83
1309.38
1289.05
1293.17
1277.89
1267.93
1248.08
1255.82
1260.67
1267.11
1283.57
1270.03
1276.96
1264.96
1254.39
1255.85
1241.6
1219.87
1214.36
1208.43
1212.58
1223.14
1237.04
1225.35
1218.6
1216.76
1211.07
1226.2
1224.38
1236.72
1234.45
1219.24
1190.59
1198.78
1181.52
1180.18
1208.14
1215.68
1202.45
1214.44
1207.71
1215.02
1210.85
1191.03
1171.65
1190.49
1202.93
1205.82
1204.52
1211.23
1215.93
1220.75
1214.35
1200.48
1204.4
1183.53
1183.43
1190.16
1191.29
1186.73
1178.02
1181.66
1161.97
1171.41
1157.26
1165.31
1162.09
1184.93
1179.21
1161.51
1148.56
1129.03
1133.58
1132.94
1131.74
1106.4
1085.78
1092.54
1038.77
1032.74
1016.1
984.54
965.8
1003.45
1012.27
1007.04
1018.61
1040.94
1038.55
1051.33
1072.28
1069.63
1071.38
1062.44
1056.75
1080.99
1097.43
1091.65
1089.98
1097.54
1077.09
1068.61
1073.48
1089.9
1084.78
1085.2
1100.09
1104.61
1078.3
1059.79
1059.78
1084.1
1087.2
1102.84
1118.86
1115.8
1118.54
1120.31
1118.33
1139.09
1141.21
1142.24
1138.65
1151.06
1142.66
1137.03
1150.34
1157.42
1149.5
1128.52
1140.2
1139.45
1129.9
1144.8
1170.35
1167.1
1158.31
1139.93
1136.76
1137.07
1119.38
1123.09
1134.36
1142.92
1149.56
1139.93
1144.89
1144.65
1149.37
1157.13
1161.02
1148.08
1154.67
1165.27
1172.51
1164.89
1160.71
1155.14
1156.55
1145.6
1138.41
1146.19
1127.57
1138.88
1127.58
1119.31
1128.18
1132.15
1133.28
1133.06
1100.64
1113.57
1130.2
1122.2
1094.44
1090.02
1083.51
1080.17
1096.22
1111.94
1107.5
1118.51
1116.48
1104.18
1083.34
1097.98
1080.95
1089.84
1109.43
1109.38
1109.89
1106.73
1131.78
1153.84
1146.14
1162.77
1157.54
1164.31
1168.26
1165.58
1154.09
1153.04
1166.16
1165.55
1170.29
1151.85
1153.59
1148.7
1131.87
1138.49
1144.58
1147.39
1146.54
1136.76
1125.4
1126.34
1122.73
1125.29
1117.8
1130.47
1103.69
1111.01
1102.55
1128.37
1126.07
1124.47
1125.17
1107.83
1100.96
1093.14
1091.48
1076.32
1065.45
1076.92
1086.46
1084.56
1073.43
1052.67
1049.49
1088.85
1073.01
1054.99
1074.56
1097.28
1091.07
1098.23
1106.59
1091.88
1079.88
1086.02
1097.08
1083.82
1074.55
1067.66
1064.66
1067.14
1040.68
1040.69
1049.9
1029.15
1027.53
1030.74
1013.6
1020.26
1009.56
1007.27
1036.17
1037.14
1019.99
1006.29
989.14
992.72
976.14
973.53
990.64
989.82
968.65
948.09
953.99
989.03
976.98
952.83
920.47
927.37
921.39
917.93
900.94
906.04
881.56
847.75
819.85
797.7
843.43
838.68
852.84
898.96
902.78
911.62
884.66
864.24
834.6
859.57
876.77
905.46
908.64
903.8
884.21
919.62
930.25
928.77
950.7
937.43
949.36
962.7
940.86
947.95
934.82
917.87
917.8
916.07
878.02
893.4
879.15
893.92
902.96
909.58
909.45
886.91
889.81
891.1
873.52
869.46
843.32
845.39
833.7
819.29
839.66
854.95
827.37
815.28
847.91
827.91
818.95
800.58
785.28
798.55
776.76
803.92
835.32
841.44
881.27
860.02
879.2
884.39
899.72
890.16
896.14
882.5
897.65
890.23
882.15
890.71
885.76
900.96
908.35
915.39
923.76
902.65
894.74
876.19
882.95
882.53
904.27
909.83
900.36
896.74
914.15
933.76
930.55
932.87
913.31
938.87
936.31
934.53
920.75
917.58
906.55
912.23
892.0
904.45
904.96
901.58
889.48
910.4
902.99
891.12
884.25
895.76
897.38
892.47
889.66
875.4
879.39
879.82
909.03
908.59
929.01
922.93
909.93
927.57
927.57
926.26
931.66
918.22
914.6
901.78
887.62
878.36
887.34
861.4
847.48
858.54
864.36
844.61
855.7
860.32
848.2
843.59
838.15
829.69
835.97
829.2
818.68
817.37
834.89
851.17
845.13
837.1
848.17
832.58
838.57
827.55
837.28
841.15
834.81
821.99
829.85
822.1
828.89
807.48
800.73
804.19
831.9
833.27
862.79
866.45
874.02
875.67
895.79
864.23
874.74
869.95
868.52
863.5
848.18
858.48
880.9
876.45
878.85
879.93
878.29
865.99
871.58
868.3
885.23
890.81
879.91
893.58
892.01
911.37
919.02
911.43
898.81
914.84
917.84
916.92
916.3
930.08
926.55
934.39
929.62
920.27
933.41
945.11
942.3
939.28
946.67
944.3
920.77
919.73
923.42
931.87
933.22
951.48
953.22
949.64
963.59
967.0
971.56
986.24
990.14
987.76
975.93
984.84
997.48
998.51
988.61
1010.74
1011.66
1010.09
994.7
995.69
981.64
983.45
975.32
985.82
976.22
974.5
982.32
993.75
985.7
1004.42
1007.84
1002.21
988.7
998.14
1003.86
1000.42
994.09
981.73
993.32
978.8
988.11
988.61
981.6
998.68
996.52
989.28
987.49
990.31
980.15
982.82
965.46
967.08
974.12
977.59
980.59
990.35
984.03
990.51
990.67
999.74
1002.35
1000.3
1003.27
993.06
993.71
996.73
996.79
1002.84
1008.01
1021.99
1026.27
1027.97
1021.39
1031.64
1023.17
1010.92
1016.42
1018.63
1014.81
1029.32
1025.97
1039.58
1036.3
1022.82
1029.03
1009.38
1003.27
996.85
1006.58
995.97
1018.22
1020.24
1029.85
1034.35
1039.25
1033.78
1038.73
1038.06
1045.35
1049.48
1046.76
1050.07
1039.32
1044.68
1046.03
1030.36
1033.77
1028.91
1031.13
1046.79
1048.11
1046.94
1050.71
1059.02
1053.25
1051.81
1058.05
1053.21
1047.11
1046.57
1058.53
1058.41
1050.35
1043.63
1034.15
1042.44
1033.65
1035.28
1052.08
1053.89
1058.45
1058.2
1070.12
1066.62
1064.73
1069.72
1061.5
1069.3
1060.18
1059.05
1071.21
1074.14
1068.04
1075.13
1076.48
1089.18
1088.66
1092.94
1096.02
1094.04
1095.89
1109.48
1109.64
1111.92
1108.48
1122.22
1123.67
1126.33
1131.92
1121.86
1127.23
1121.22
1130.52
1132.05
1139.83
1138.77
1147.62
1143.94
1141.55
1155.37
1144.05
1128.48
1134.11
1131.13
1135.26
1136.03
1126.52
1128.59
1142.76
1139.81
1145.54
1157.76
1152.11
1145.81
1156.99
1151.82
1147.06
1144.11
1140.99
1139.09
1143.67
1144.91
1144.94
1155.97
1149.1
1151.03
1154.87
1156.86
1147.2
1140.58
1123.89
1106.78
1120.57
1104.49
1110.7
1123.75
1122.32
1109.78
1095.4
1093.95
1091.33
1109.19
1108.06
1122.47
1127.0
1126.21
1132.17
1141.81
1150.57
1148.16
1140.53
1139.32
1145.2
1129.44
1128.17
1128.84
1134.61
1135.82
1118.15
1124.09
1139.93
1140.6
1135.53
1138.11
1122.41
1113.89
1107.3
1117.49
1119.55
1121.53
1113.99
1098.7
1087.12
1095.45
1097.28
1096.44
1095.7
1084.1
1091.49
1088.68
1089.19
1093.56
1095.41
1113.05
1114.94
1121.28
1120.68
1121.2
1124.99
1116.64
1122.5
1140.42
1142.18
1131.33
1136.47
1125.29
1132.01
1133.56
1132.05
1135.02
1130.3
1134.41
1144.06
1140.65
1134.43
1133.35
1136.2
1140.84
1128.94
1125.38
1116.21
1118.33
1109.11
1112.81
1114.35
1115.14
1111.47
1106.69
1101.39
1100.9
1108.67
1093.88
1096.84
1086.2
1084.07
1094.83
1095.42
1100.43
1101.72
1106.62
1099.69
1098.63
1080.7
1063.97
1065.22
1079.04
1075.79
1063.23
1064.8
1079.34
1081.71
1095.17
1091.23
1098.35
1095.68
1096.19
1104.96
1105.09
1107.77
1099.15
1104.24
1105.91
1118.31
1113.63
1121.3
1116.27
1118.38
1123.92
1125.82
1128.33
1120.37
1123.5
1128.55
1122.2
1129.3
1113.56
1108.36
1110.11
1103.52
1110.06
1114.8
1114.58
1131.5
1135.17
1134.48
1142.05
1130.65
1122.14
1124.39
1121.84
1113.65
1103.29
1108.2
1114.02
1103.23
1103.66
1106.49
1095.74
1094.8
1111.09
1125.4
1127.44
1130.2
1130.51
1130.56
1143.2
1161.67
1166.17
1164.89
1164.08
1162.91
1173.48
1184.17
1183.81
1175.43
1181.94
1183.55
1170.34
1177.24
1176.94
1181.76
1182.65
1178.57
1173.82
1191.37
1190.33
1191.17
1190.25
1177.07
1182.81
1189.24
1188.0
1198.68
1203.38
1205.72
1203.21
1194.2
1194.65
1205.45
1209.57
1210.13
1204.92
1213.54
1213.45
1213.55
1211.92
1202.08
1188.05
1183.74
1187.89
1186.19
1190.25
1182.99
1187.7
1177.45
1184.52
1195.98
1184.63
1175.41
1167.87
1163.75
1168.41
1174.07
1174.55
1171.36
1181.27
1189.41
1193.19
1189.89
1203.03
1201.72
1202.3
1191.99
1197.01
1205.3
1206.14
1210.12
1210.34
1200.75
1201.59
1184.16
1190.8
1200.2
1211.37
1203.6
1210.41
1210.08
1210.47
1222.12
1225.31
1219.43
1207.01
1209.25
1200.08
1206.83
1197.75
1188.07
1190.21
1189.65
1183.78
1171.71
1172.53
1171.42
1174.28
1165.36
1181.41
1180.59
1172.92
1176.12
1181.39
1184.07
1191.14
1181.2
1181.21
1187.76
1173.79
1162.05
1142.62
1145.98
1152.78
1137.5
1159.95
1152.12
1162.1
1151.83
1156.38
1143.22
1156.85
1162.16
1161.17
1175.65
1172.63
1171.35
1178.84
1166.22
1171.11
1159.36
1154.05
1165.69
1173.8
1185.56
1191.08
1189.28
1193.86
1194.07
1190.01
1197.62
1198.78
1191.5
1202.22
1204.29
1196.02
1197.51
1197.26
1194.67
1200.93
1198.11
1200.82
1203.91
1206.58
1210.96
1216.96
1216.1
1213.61
1213.88
1200.73
1191.57
1190.69
1201.57
1199.85
1191.33
1194.44
1204.99
1194.94
1197.87
1211.86
1219.44
1222.21
1223.29
1226.5
1227.92
1221.13
1229.35
1235.2
1227.04
1233.68
1229.03
1231.16
1236.79
1243.72
1234.18
1235.35
1244.12
1245.04
1235.86
1226.42
1223.13
1231.38
1229.13
1237.81
1230.39
1233.87
1219.34
1220.24
1219.02
1219.71
1221.73
1217.59
1209.59
1212.37
1205.1
1212.28
1208.41
1220.33
1221.59
1218.02
1233.39
1236.36
1231.67
1241.48
1240.56
1231.2
1227.16
1227.73
1237.91
1231.02
1221.34
1210.2
1214.62
1215.29
1215.63
1215.66
1216.89
1227.68
1228.81
1226.7
1214.47
1196.39
1191.49
1195.9
1187.33
1184.87
1177.68
1176.84
1186.57
1190.1
1178.14
1195.76
1177.8
1179.59
1199.38
1196.54
1191.38
1178.9
1198.41
1207.01
1202.76
1214.76
1219.94
1220.14
1222.81
1218.59
1220.65
1230.96
1234.72
1233.76
1229.01
1231.21
1242.8
1248.27
1254.85
1261.23
1265.61
1268.25
1257.46
1257.48
1249.48
1264.67
1265.08
1262.09
1263.7
1257.37
1255.84
1259.37
1260.43
1267.43
1272.74
1270.94
1267.32
1259.92
1259.62
1262.79
1268.12
1268.66
1256.54
1258.17
1254.42
1248.29
1268.8
1273.46
1273.48
1285.45
1290.15
1289.69
1294.18
1286.06
1287.61
1283.03
1277.93
1285.04
1261.49
1263.82
1266.86
1264.68
1273.83
1283.72
1285.19
1280.08
1282.46
1270.84
1264.03
1265.02
1254.78
1265.65
1263.78
1266.99
1262.86
1275.53
1280.0
1289.38
1287.24
1283.03
1292.67
1287.79
1289.43
1294.12
1280.66
1291.24
1289.14
1287.23
1278.26
1275.88
1278.47
1272.23
1281.42
1284.13
1297.48
1303.02
1305.33
1307.25
1305.08
1297.23
1305.04
1301.67
1302.95
1301.61
1293.23
1302.89
1300.25
1294.87
1297.81
1305.93
1311.56
1309.04
1295.5
1296.62
1286.57
1288.12
1289.12
1285.33
1307.28
1309.93
1311.46
1311.28
1308.11
1301.74
1305.41
1309.72
1310.61
1305.19
1313.21
1308.12
1312.25
1325.76
1324.66
1325.14
1322.85
1305.92
1291.24
1294.5
1292.08
1270.32
1261.81
1267.03
1262.07
1256.58
1258.57
1272.88
1280.16
1259.87
1270.09
1285.71
1288.22
1265.29
1263.85
1256.15
1257.93
1252.3
1237.44
1223.69
1230.04
1256.16
1251.54
1240.13
1240.12
1252.2
1245.6
1244.5
1250.56
1239.2
1246.0
1272.87
1270.2
1280.19
1270.91
1274.08
1265.48
1267.34
1272.43
1258.6
1242.28
1236.2
1234.49
1236.86
1259.81
1249.13
1240.29
1260.91
1268.88
1268.4
1263.2
1278.55
1276.66
1270.92
1277.41
1280.27
1279.36
1275.77
1271.48
1265.95
1271.81
1266.74
1268.21
1285.58
1295.43
1297.48
1302.3
1297.52
1298.82
1292.99
1296.06
1295.09
1301.78
1304.28
1305.37
1303.82
1311.01
1313.25
1300.26
1294.02
1298.92
1299.54
1313.0
1318.07
1316.28
1319.66
1321.18
1317.64
1325.18
1318.03
1314.78
1326.37
1336.35
1336.59
1338.88
1335.85
1331.32
1334.11
1350.2
1353.22
1349.59
1350.66
1353.42
1349.95
1362.83
1365.62
1369.06
1364.05
1365.8
1366.96
1368.6
1377.02
1377.38
1382.22
1389.08
1377.34
1377.93
1377.94
1367.81
1367.34
1364.3
1379.78
1382.84
1385.72
1378.33
1380.9
1384.42
1393.22
1396.57
1399.76
1401.2
1400.5
1402.81
1406.09
1400.95
1381.96
1386.72
1399.48
1400.63
1396.71
1409.12
1414.76
1412.9
1407.29
1409.84
1413.04
1411.56
1413.21
1425.49
1427.09
1422.48
1425.55
1423.53
1418.3
1410.76
1416.9
1426.84
1424.73
1418.3
1416.6
1418.34
1409.71
1412.84
1412.11
1414.85
1423.82
1430.73
1431.9
1430.62
1426.37
1430.5
1422.95
1427.99
1440.13
1423.9
1422.18
1420.62
1428.82
1438.24
1445.94
1448.39
1446.99
1448.0
1450.02
1448.31
1438.06
1433.37
1444.26
1455.3
1456.81
1455.54
1459.68
1457.63
1456.38
1451.19
1449.37
1399.04
1406.82
1403.17
1387.17
1374.12
1395.41
1391.97
1401.89
1402.84
1406.6
1377.95
1387.17
1392.28
1386.95
1402.06
1410.94
1435.04
1434.54
1436.11
1437.5
1428.61
1417.23
1422.53
1420.86
1424.55
1437.77
1439.37
1443.76
1444.61
1448.39
1438.87
1447.8
1452.85
1468.33
1471.48
1472.5
1470.73
1484.35
1480.93
1480.41
1495.42
1494.25
1494.07
1482.37
1486.3
1495.92
1502.39
1505.62
1509.48
1507.72
1512.58
1491.47
1505.85
1503.15
1501.19
1514.14
1512.75
1522.75
1525.1
1524.12
1522.28
1507.51
1515.73
1518.11
1530.23
1530.62
1536.34
1539.18
1530.95
1517.38
1490.72
1507.67
1509.12
1493.0
1515.67
1522.97
1532.91
1531.05
1533.7
1512.84
1522.19
1502.56
1497.74
1492.89
1506.34
1505.71
1503.35
1519.43
1524.87
1525.4
1530.44
1531.85
1510.12
1518.76
1547.7
1552.5
1549.52
1549.37
1546.17
1553.08
1534.1
1541.57
1511.04
1518.09
1482.66
1458.95
1473.91
1455.27
1465.81
1472.2
1433.06
1467.67
1476.71
1497.49
1453.09
1453.64
1452.92
1426.54
1406.7
1411.27
1445.94
1445.55
1447.12
1464.07
1462.5
1479.37
1466.79
1432.36
1463.76
1457.64
1473.99
1489.42
1472.29
1478.55
1453.55
1451.7
1471.49
1471.56
1483.95
1484.25
1476.65
1519.78
1529.03
1518.75
1525.75
1517.73
1517.21
1525.42
1531.38
1526.75
1547.04
1546.63
1539.59
1542.84
1557.59
1552.58
1565.15
1562.47
1554.41
1561.8
1548.71
1538.53
1541.24
1540.08
1500.63
1506.33
1519.59
1515.88
1514.4
1535.28
1540.98
1531.02
1549.38
1508.44
1509.65
1502.17
1520.27
1475.62
1474.77
1453.7
1439.18
1481.05
1470.58
1451.15
1458.74
1433.27
1439.7
1416.77
1440.7
1407.22
1428.23
1469.02
1469.72
1481.14
1472.42
1462.79
1485.01
1507.34
1504.66
1515.96
1477.65
1486.59
1488.41
1467.95
1445.9
1454.98
1453.0
1460.12
1484.46
1496.45
1497.66
1476.27
1478.49
1468.36
1447.16
1447.16
1411.63
1416.18
1390.19
1409.13
1420.33
1401.02
1416.25
1380.95
1373.2
1333.25
1325.19
1310.5
1338.6
1352.07
1330.61
1353.96
1362.3
1355.81
1378.55
1395.42
1380.82
1336.64
1326.45
1336.91
1331.29
1339.13
1348.86
1367.21
1348.86
1349.99
1348.78
1360.03
1342.53
1353.11
1371.8
1381.29
1380.02
1367.68
1330.63
1331.34
1326.75
1333.7
1304.34
1293.37
1273.37
1320.65
1308.77
1315.48
1288.14
1276.6
1330.74
1298.42
1329.51
1349.88
1352.99
1341.13
1325.76
1315.22
1322.7
1370.18
1367.53
1369.31
1370.4
1372.54
1365.54
1354.49
1360.55
1332.83
1328.32
1334.43
1364.71
1365.56
1390.33
1388.17
1375.94
1379.93
1388.82
1397.84
1396.37
1390.94
1385.59
1409.34
1413.9
1407.49
1418.26
1392.57
1397.68
1388.28
1403.58
1403.04
1408.66
1423.57
1425.35
1426.63
1413.4
1390.71
1394.35
1375.93
1385.35
1390.84
1398.26
1400.38
1385.67
1377.65
1377.2
1404.05
1360.68
1361.76
1358.44
1335.49
1339.87
1360.03
1360.14
1350.93
1337.81
1342.83
1317.93
1318.0
1314.29
1321.97
1283.15
1278.38
1280.0
1284.91
1261.52
1262.9
1252.31
1273.7
1244.69
1253.39
1239.49
1228.3
1214.91
1245.36
1260.32
1260.68
1260.0
1277.0
1282.19
1252.54
1257.76
1234.37
1263.2
1284.26
1267.38
1260.31
1249.01
1284.88
1289.19
1266.07
1296.32
1305.32
1289.59
1285.83
1292.93
1298.2
1278.6
1266.69
1274.54
1277.72
1292.2
1266.84
1271.51
1281.66
1300.68
1282.83
1277.58
1274.98
1236.83
1242.31
1267.79
1224.51
1232.04
1249.05
1251.7
1192.7
1213.6
1156.39
1206.51
1255.08
1207.09
1188.22
1185.87
1209.18
1213.27
1106.42
1166.36
1161.06
1114.28
1099.23
1056.89
996.23
984.94
909.92
899.22
1003.35
998.01
907.84
946.43
940.55
985.4
955.05
896.78
908.11
876.77
848.92
940.51
930.09
954.09
968.75
966.3
1005.75
952.77
904.88
930.99
919.21
898.95
852.3
911.29
873.29
850.75
859.12
806.58
752.44
800.03
851.81
857.39
887.68
896.24
816.21
848.81
870.74
845.22
876.07
909.7
888.67
899.24
873.59
879.73
868.57
913.18
904.42
885.28
887.88
871.63
863.16
868.15
872.8
869.42
890.64
903.25
931.8
927.45
934.7
906.65
909.73
890.35
870.26
871.79
842.62
843.74
850.12
805.22
840.24
827.5
831.95
836.57
845.71
874.09
845.14
825.88
825.44
838.51
832.23
845.85
868.6
869.89
827.16
833.74
835.19
826.84
789.17
788.42
778.94
770.05
743.33
773.14
764.9
752.83
735.09
700.82
696.33
712.87
682.55
683.38
676.53
719.6
721.36
750.74
756.55
753.89
778.12
794.35
784.04
768.54
822.92
806.12
813.88
832.86
815.94
787.53
797.87
811.08
834.38
842.5
835.48
815.55
825.16
856.56
858.73
841.5
852.06
865.3
869.6
832.39
850.08
843.55
851.92
866.23
857.51
855.16
873.64
872.81
877.52
907.24
903.8
919.53
907.39
929.23
909.24
908.35
883.92
893.07
882.88
909.71
908.13
903.47
888.33
887.0
910.33
893.06
906.83
919.14
942.87
944.74
931.76
942.46
940.09
939.14
942.43
939.15
944.89
946.21
923.72
911.97
910.71
918.37
921.23
893.04
895.1
900.94
920.26
918.9
927.23
919.32
923.33
896.42
898.72
881.03
879.56
882.68
879.13
901.05
905.84
932.68
940.74
940.38
951.13
954.58
954.07
976.29
979.26
982.18
979.62
975.15
986.75
987.48
1002.63
1005.65
1002.72
997.08
1010.48
1007.1
994.35
1005.81
1012.73
1004.09
979.73
989.67
996.46
1007.37
1026.13
1025.57
1028.0
1028.12
1030.98
1028.93
1020.62
998.04
994.75
1003.24
1016.4
1025.39
1033.37
1044.14
1042.73
1049.34
1052.63
1068.76
1065.49
1068.3
1064.66
1071.66
1060.87
1050.78
1044.38
1062.98
1060.61
1057.08
1029.85
1025.21
1040.46
1054.72
1057.58
1065.48
1071.49
1076.19
1073.19
1092.02
1096.56
1087.68
1097.91
1091.06
1081.4
1092.91
1079.6
1066.95
1063.41
1042.63
1066.11
1036.19
1042.88
1045.41
1046.5
1066.63
1069.3
1093.08
1093.01
1098.51
1087.24
1093.48
1109.3
1110.32
1109.8
1094.9
1091.38
1106.24
1105.65
1110.63
1091.49
1095.63
1108.86
1109.24
1099.92
1105.98
1103.25
1091.94
1095.95
1102.35
1106.41
1114.11
1107.93
1109.18
1096.08
1102.47
1114.05
1118.02
1120.59
1126.48
1127.78
1126.2
1126.42
1115.1
1132.99
1136.52
1137.14
1141.69
1144.98
1146.98
1136.22
1145.68
1148.46
1136.03
1150.23
1138.04
1116.48
1091.76
1096.78
1092.17
1097.5
1084.53
1073.87
1089.19
1103.32
1097.28
1063.11
1066.19
1056.74
1070.52
1068.13
1078.47
1075.51
1094.87
1099.51
1106.75
1109.17
1108.01
1094.6
1105.24
1102.94
1104.49
1115.71
1118.31
1118.79
1122.97
1138.7
1138.5
1140.45
1145.61
1150.24
1149.99
1150.51
1159.46
1166.21
1165.83
1159.9
1165.81
1174.17
1167.72
1165.73
1166.59
1173.22
1173.27
1169.43
1178.1
1187.44
1189.44
1182.45
1186.44
1194.37
1196.48
1197.3
1210.65
1211.67
1192.13
1197.52
1207.17
1205.94
1208.67
1217.28
1212.05
1183.71
1191.36
1206.78
1186.69
1202.26
1173.6
1165.87
1128.15
1110.88
1159.73
1155.79
1171.67
1157.44
1135.68
1136.94
1120.8
1115.05
1071.59
1087.69
1073.65
1074.03
1067.95
1103.06
1089.41
1070.71
1098.38
1102.83
1064.88
1050.47
1062.0
1055.69
1086.84
1091.6
1089.63
1115.23
1114.61
1116.04
1117.51
1113.2
1095.31
1092.04
1073.69
1076.76
1074.57
1041.24
1030.71
1027.37
1022.58
1028.06
1060.27
1070.25
1077.96
1078.75
1095.34
1095.17
1096.48
1064.88
1071.25
1083.48
1069.59
1093.67
1102.66
1115.01
1113.84
1106.13
1101.53
1101.6
1125.86
1120.46
1127.24
1125.81
1121.64
1127.79
1121.06
1089.47
1083.61
1079.25
1079.38
1092.54
1094.16
1075.63
1071.69
1067.36
1051.87
1055.33
1047.22
1064.59
1048.92
1049.33
1080.29
1090.1
1104.51
1091.84
1098.87
1104.18
1109.55
1121.9
1121.1
1125.07
1124.66
1125.59
1142.71
1139.78
1134.28
1124.83
1148.67
1142.16
1147.7
1144.73
1141.2
1146.24
1137.03
1160.75
1159.97
1158.06
1165.15
1165.32
1169.77
1178.1
1173.81
1176.19
1184.71
1165.9
1178.17
1180.26
1183.08
1185.62
1185.64
1182.45
1183.78
1183.26
1184.38
1193.57
1197.96
1221.06
1225.85
1223.25
1213.4
1218.71
1213.54
1199.21
1197.75
1178.34
1178.59
1196.69
1199.73
1197.84
1180.73
1198.35
1189.4
1187.76
1180.55
1206.07
1221.53
1224.71
1223.12
1223.75
1228.28
1233.0
1240.4
1240.46
1241.59
1235.23
1242.87
1243.91
1247.08
1254.6
1258.84
1256.77
1257.54
1258.51
1259.78
1257.88
1257.64
1271.87
1270.2
1276.56
1273.85
1271.5
1269.75
1274.48
1285.96
1283.76
1293.24
1295.02
1281.92
1280.26
1283.35
1290.84
1291.18
1296.63
1299.54
1276.34
1286.12
1307.59
1304.03
1307.1
1310.87
1319.05
1324.57
1320.88
1321.87
1329.15
1332.32
1328.01
1336.32
1340.43
1343.01
1315.44
1307.4
1306.1
1319.88
1327.22
1306.33
1308.44
1330.97
1321.15
1310.13
1321.82
1320.02
1295.11
1304.28
1296.39
1281.87
1256.88
1273.72
1279.21
1298.38
1293.77
1297.54
1309.66
1313.8
1310.19
1319.44
1328.26
1325.83
1332.41
1332.87
1332.63
1335.54
1333.51
1328.17
1324.46
1314.16
1314.41
1314.52
1319.68
1305.14
1312.62
1330.36
1337.38
1335.25
1347.24
1355.66
1360.48
1363.61
1361.22
1356.62
1347.32
1335.1
1340.2
1346.29
1357.16
1342.08
1348.65
1337.77
1329.47
1328.98
1340.68
1343.6
1333.27
1317.37
1316.28
1320.47
1325.69
1331.1
1345.2
1314.55
1312.94
1300.16
1286.17
1284.94
1279.56
1289.0
1270.98
1271.83
1287.87
1265.42
1267.64
1271.5
1278.36
1295.52
1287.14
1283.5
1268.45
1280.1
1296.67
1307.41
1320.64
1339.67
1337.88
1339.22
1353.22
1343.8
1319.49
1313.64
1317.72
1308.87
1316.14
1305.44
1326.73
1325.84
1343.8
1345.02
1337.43
1331.94
1304.89
1300.67
1292.28
1286.94
1254.05
1260.34
1200.07
1199.38
1119.46
1172.53
1120.76
1172.64
1178.81
1204.49
1192.76
1193.89
1140.65
1123.53
1123.82
1162.35
1177.6
1159.27
1176.8
1210.08
1212.92
1218.89
1204.42
1173.97
1165.24
1198.62
1185.9
1154.23
1162.27
1172.87
1188.68
1209.11
1216.01
1204.09
1202.09
1166.76
1129.56
1136.43
1162.95
1175.38
1151.06
1160.4
1131.42
1099.23
1123.95
1144.03
1164.97
1155.46
1194.89
1195.54
1207.25